0000000000000000000000000000000000000000000000000000000000000000
0000000000000000000000000000000000000000000000000000000000000000
0000000000000000000000000000000000000000000000000000000000000000
0000000000000000000000000000000000000000000000000000000000000000
0000000000000000000000000000000000000000000000000000000000000000
0000000000000000000000000000000000000000000000000000000000000000
0000000000000000000000000000000000000000000000000000000000000000
0000000000000000000000000000000000000000000000000000000000000000
0000000000000000000000000000000000000000000000000000000000000000
0000000000000000000000000000000000000000000000000000000000000000
0000000000000000000000000000000000000000000000000000000000000000
5C807F00730007007F007D80388000007F006300000000000000000000000000
00000000000000000000000000002D8000000000000031800000000000000000
0000000000000000000000000000000000000000000000000000000000000000
0000000000000000000000000000000000000000000000000000000000000000
0000000000000000000000000000000000000000000000000000000000000000
0000000000000000000000000000000000000000000000000000000000000000
78001700000000004E8000000000000017000000000000000000000000000000
0000018059807F0000001C807F007F0007005C807F007A8021007F007F003F00
0000000000000000000000000000000000000000000000000000000000000000
0000000000000000000000000000000000000000000000000000000000000000
0000000000000000000000000000000000000000000000000000000000000000
0000000000000000000000000000000000000000000000000000000000000000
0000000000000000000000000000000000000000000000000000000000000000
57007F007B80188074007F00578000007F007F001B8000007F005C0006800000
00000000000000000000000000000C000000000000005300000000001B007B80
0000000000000000000000000000000000000000000000000000000000000000
0000000000000000000000000000000000000000000000000000000000000000
0000000000000000000000000000000000000000000000000000000000000000
0000000000000000000000000000000000000000000000000000000000000000
7A80170000000000550000000000000016000000000000000000000000000000
0000000058007F0000001C807B807F0000004D807F0073001A807B007F005080
0000000000000000000000000000000000000000000000000000000000000000
0000000000000000000000000000000000000000000000000000000000000000
0000000000000000000000000000000000000000000000000000000000000000
0000000000000000000000000000000000000000000000000000000000000000
0000000000000000000000000000000000000000000000000000000000000000
7F007F80438000007F007F000F8000007F006500000000007F003C0000000000
000000000000270000000000000036000000000005806C80000000002F807F00
0000000000000000000000000000000000000000000000000000000000000000
0000000000000000000000000000000000000000000000000000000000000000
0000000000000000000000000000000000000000000000000000000000000000
0000000000000000000000000000000000000000000000000000000000000000
0000000000000000000000000000000000000000000000000000000000000000
00000000000000000000000000000000000000000000000064807F000B800000
0000000000000000000000000000000000000000000000000000000000000900
0000000000000000000000000000000000000000000000000000000000000000
0000000000000000000000000000000000000000000000000000000000000000
0000000000000000000000000000000000000000000000000000000000000000
0000000000000000000000000000000000000000000000000000000000000000
0000000000000000000000000000000000000000000000000000000000000000
0000000000000000000000000000000000000000000000000000000000000000
0000000000000000000000000000000000000000000000000000000000000000
0000000000000000000000000000000000000000000000000000000000000000
0000000000000000000000000000000000000000000000000000000000000000
0000000000000000000000000000000000000000000000000000000000000000
0000000000000000000000000000000000000000000000000000000000000000
0000000000000000000000000000000000000000000000000000000000000000
0000000000000000000000000000000000000000000000000000000000000000
7E804F00000000007E800A00000000007F800000000000000000000000000000
0000000000006E000000000000006E000000000000006E800000000000000000
0000000000000000000000000000000000000000000000000000000000000000
0000000000000000000000000000000000000000000000000000000000000000
0000000000000000000000000000000000000000000000000000000000000000
0000000000000000000000000000000000000000000000000000000000000000
0000000000000000000000000000000000000000000000000000000000000000
7E807D806E8000007F807E806F8000007E807D80510000007E8078001C000000
0000000000001F000000000000001F800000000000006E000000000000006E00
0000000000000000000000000000000000000000000000000000000000000000
0000000000000000000000000000000000000000000000000000000000000000
0000000000000000000000000000000000000000000000000000000000000000
0000000000000000000000000000000000000000000000000000000000000000
0000000000000000000000000000000000000000000000000000000000000000
4F807E806F8000004F007D806E8000004F007D806E80000066807D806E800000
0000000000000000000000000000000000000000000000000000000000000F80
0000000000000000000000000000000000000000000000000000000000000000
0000000000000000000000000000000000000000000000000000000000000000
0000000000000000000000000000000000000000000000000000000000000000
0000000000000000000000000000000000000000000000000000000000000000
0000000000000000000000000000000000000000000000000000000000000000
00007D806E80000000007D806E80000000007D806E80000045007D806E800000
0000000000000000000000000000000000000000000000000000000000000000
0000000000000000000000000000000000000000000000000000000000000000
0000000000000000000000000000000000000000000000000000000000000000
0000000000000000000000000000000000000000000000000000000000000000
0000000000000000000000000000000000000000000000000000000000000000
0000000000000000000000000000000000000000000000000000000000000000
00007D806E80000000007D806E80000000007D806E80000000007E806F800000
0000000000000000000000000000000000000000000000000000000000000000
0000000000000000000000000000000000000000000000000000000000000000
0000000000000000000000000000000000000000000000000000000000000000
0000000000000000000000000000000000000000000000000000000000000000
0000000000000000000000000000000000000000000000000000000000000000
0000000000000000000000000000000000000000000000000000000000000000
0000000000000000000000000000000000000000000000000000608029800000
0000000000000000000000000000000000000000000000000000000000000000
0000000000000000000000000000000000000000000000000000000000000000
0000000000000000000000000000000000000000000000000000000000000000
0000000000000000000000000000000000000000000000000000000000000000
0000000000000000000000000000000000000000000000000000000000000000
0000000000000000000000000000000000000000000000000000000000000000
0000000000000000000000000000000000000000000000000000000000000000
0000000000000000000000000000000000000000000000000000000000000000
0000000000000000000000000000000000000000000000000000000000000000
0000000000000000000000000000000000000000000000000000000000000000
0000000000000000000000000000000000000000000000000000000000000000
6780000000000000530000000000000004800000000000000000000000000000
00000C8076807E000000000073007E000000000073805A800000000000000000
0000000000000000000000000000000000000000000000000000000000000000
0000000000000000000000000000000000000000000000000000000000000000
0000000000000000000000000000000000000000000000000000000000000000
0000000000000000000000000000000000000000000000000000000000000000
0000000000000000000000000000000000000000000000000000000000000000
6780000000000000680000000000000072001000000000006780000000000000
00002E007E807E000000048074807E800000040074007E000000190079807E00
50800000000000001C800000000000000B000000000000000000000000000000
7E807E007E007E007F807E807E807E807D807E007E0066802A802E802E800D00
00000000000038800000000000002E000000000000002A000000000000000000
0000000000000000000000000000000000000000000000000000000000000000
0000000000000000000000000000000000000000000000000000000000000000
0000000000000000048000000000000052800000000000006780000000000000
7E807E807F80350076007E007E8074001C007A007E807E0000003D807E807E00
7E807F807E807E807E007E807800730076007C802F8000005080200000000000
7F807E807C807B807E807E007E007E007E807E007E007E007E807E007E007E00
0000000000006780000000000000670000000000000067000000000000006700
0000000000000000000000000000000000000000000000000000000000000000
0000000000000000000000000000000000000000000000000000000000000000
0000000000000000000000000000000000000000000000000000000000000000
0000000000000000108000000000000075004680038000007E007E004F800000
00000000000000000000000000000E800C805680410071806F807E807E007E00
7E807E002E8000007E807E002E8000007E807E00580000007E807E0067803100
0000000000006700000000000000670000000000000067000000000000006700
0000000000000000000000000000000000000000000000000000000000000000
0000000000000000000000000000000000000000000000000000000000000000
0000000000000000000000000000000000000000000000000000000000000000
0000000000000000000000000000000000000000000000000000000000000000
0000000000000000000000000000000000000000000000000000000000000000
7E807300000000007E807B00220000007E807E002E8000007F807E802E800000
000000001C007A00000000000000670000000000000067000000000000006780
0000000000000000000000000000000000000000000000000000000000000000
0000000000000000000000000000000000000000000000000000000000000000
0000000000000000000000000000000000000000000000000000000000000000
0000000000000000000000000000000000000000000000000000000000000000
0000000000000000000000000000000000000000000000000000000000000000
00000000000000000000000000000000000000000000000064800A8000000000
0000000000000000000000000000000000000000000000000000000003004E80
0000000000000000000000000000000000000000000000000000000000000000
0000000000000000000000000000000000000000000000000000000000000000
0000000000000000000000000000000000000000000000000000000000000000
0000000000000000000000000000000000000000000000000000000000000000
0000000000000000000000000000000000000000000000000000000000000000
0000000000000000000000000000000000000000000000000000000000000000
0000000000000000000000000000000000000000000000000000000000000000
0000000000000000000000000000000000000000000000000000000000000000
1600000000000000000000000000000000000000000000000000000000000000
0000000001000580000000000000000000000000000000000000000000000000
6C8037800D000200058000000000000000000000000000000000000000000000
7E807E807F007E807F007F8059001C8000000000000000000000000000000000
0E006C007E807F00000011004D807A8000000000000000000000000000000000
0000000000000000000000000000000000000000000000000000000000000000
0000000000000000000000000000000000000000000000000000000000000000
0000000000000000000000000000000000000000000000001580000000000000
7280000000000000630000000000000041000000000000001700000006005180
00000E8074807E80018062007E807E8057807F007E807F007E807E807E806100
000000000000000000000000000000000000000006802E805E005E006A807E80
3D007F00330000007F007F007400090067007F007E8013802D007F007E806E00
0000000000000080000000000000048000000000000002800000000000000000
0000000000000000000000000000000000000000000000000000000000000000
0000000000000000000000000000000000000000000000000000000000000000
0180000000000000410000000000000043800000000000007280000000000000
7E807E807D803780308073807E807F000000188076007E80000000006A807E80
7E807E807E807E807E80670030002F8022000980000000000000000000000000
35807F007E807F007F007F007E807F007E807F007E804B8065007F0074800980
0000000000000080000000000000240000000000000036800000000000001480
0000000000000000000000000000000000000000000000000000000000000000
0000000000000000000000000000000000000000000000000000000000000000
0000000000000000000000000000000000000000000000000000000000000000
0000000000000000000000000000000009800000000000007C807C803B000000
7E807E803F8000007E8074000E0000007E806B8000001C007E807E807C807D80
0000000036007E80000005806C807F0000001C807E807F00130076807E807F00
0000000000000000000000000000000000000000000000000000000000000000
0000000000000000000000000000000000000000000000000000000000000000
0000000000000000000000000000000000000000000000000000000000000000
0000000000000000000000000000000000000000000000000000000000000000
0000000000000000000000000000000000000000000000000000000000000000
7E807E807F0034807E807F007F0009807E807E807E8002807E807F0067000180
000000000000408000000000000040800000000000004F000000000013007880
0000000000000000000000000000000000000000000000000000000000000000
0000000000000000000000000000000000000000000000000000000000000000
0000000000000000000000000000000000000000000000000000000000000000
0000000000000000000000000000000000000000000000000000000000000000
0000000000000000000000000000000000000000000000000000000000000000
0000000000000000000000000000000071007E807E803F807E807F007F006480
0000000000000000000000000000000000000000000013800000000000004080
0000000000000000000000000000000000000000000000000000000000000000
0000000000000000000000000000000000000000000000000000000000000000
0000000000000000000000000000000000000000000000000000000000000000
0000000000000000000000000000000000000000000000000000000000000000
0000000000000000000000000000000000000000000000000000000000000000
7F807E8007000000000000000000000000000000000000000000000000000000
0000000006803F80000000000000000000000000000000000000000000000000
0000000000000000000000000000000000000000000000000000000000000000
0000000000000000000000000000000000000000000000000000000000000000
0000000000000000000000000000000000000000000000000000000000000000
0000000000000000000000000000000000000000000000000000000000000000
0000000000000000000000000000000000000000000000000000000000000000
6E807E004980158074806A800600000042800700000000007E80650004000000
4F007E0062001D80088062807E007E0000004F007E007E00000008803D007E00
0000000000000000000000000000000000000000000000000000000000000000
0000000000000000000000000000000000000000000000000000000000000000
0000000000000000000000000000000000000000000000000000000000000000
0000000000000000000000000000000000000000000000000000000000000000
7D007E00480000007E004880040000005D001280000000000F00000000000000
0000000000002C00000000002C006E800000130079807E00118070007E007200
3D800000000000006D800F00000000007E00288000000000758061800C800000
000000006A007E00000000002E807E0000000000068067800000000000002680
0000000000000000000000000000000000000000000000000000000000000000
0000000000000000000000000000000000000000000000000000000000000000
2F00000000000000140000000000000000000000000000000000000000000000
000027807E007E00000063007E006F80000063807E8028806A007E0064000000
0000000000000000000000000000000000000000000000000000000000000000
2180000000000000218000000000000022000000000000002180000000000000
0000000051007E00000000006A007E00000000006A807E80000000006A007E00
0000000000000000000000000000000000000000000000000000000000000000
0000000000000000000000000000000000000000000000000000000000000000
27800000000000002F000000000000002F000000000000002F00000000000000
00004E807E007B00000021007E007E0000001A0077007E000000058061807E00
0A00000000000000000000000000000000000000000000000000000000000000
78807E007A0053807E003A801880000078802000000000003700000000000000
0000000000001C000000000000005500000000001D007700000000004A807E00
0000000000000000000000000000000000000000000000000000000000000000
0000000000000000000000000000000000000000000000000000000000000000
0000000000000000000000000000000000000000000000000000000000000000
00000000000000007E003A80000000007E007C005E800000500074007B003C80
00000000000000003C007E007E007E007E807E007E007E006600500011002600
00000000000000000000000000000300000008803B807780300072807E007E00
0000000000000000000000000000000000000000000000000000000000000000
0000000000000000000000000000000000000000000000000000000000000000
0000000000000000000000000000000000000000000000000000000000000000
0000000000000000000000000000000000000000000000000000000000000000
0000000000000000000000000000000000000000000000000000000000000000
0000000000000000000000000000000000000000000000000000000000000000
0000000000000000000000000000000000000000000000000000000000000000
0000000000000000000000000000000000000000000000000000000000000000
0000000000000000000000000000000000000000000000000000000000000000
0000000000000000000000000000000000000000000000000000000000000000
0000000000000000000000000000000000000000000000000000000000000000
7E807E8034800000000000000000000000000000000000000000000000000000
38804A004A005B80000000000000000000000000000000000000000000000000
0000000000000B00000000000000000000000000000000000000000000000000
0000000000000000000000000000000000000000000000000000000000000000
0000000000000000000000000000000000000000000000000000000000000000
0000000000000000000000000000000000000000000000000000000000000000
0000000000000000000000000000000000000000000000000000000000000000
00000000000000000000000000000000738066800F0000007E007E0060000000
5F0000000000000069800700000000007E0076005D8073807E007E807E007E00
000000002A007E00000000002A007E0000000000150079000000000000005080
0000000000000000000000000000000000000000000000000000000000000000
0000000000000000000000000000000000000000000000000000000000000000
0000000000000000000000000000000000000000000000000000000000000000
0000000000000000000000000000000000000000000000000000000000000000
7E007E007E8035007E007E007E801B007E007E004E8000004A003D8004000000
3C00400071007E007E007E807E007E007E007E807E007E007E80690052805700
00000E0073806E80000000005A007E00000000001F807B800000000000007400
0000000000000000000000000000000000000000000000000000000000000000
0000000000000000000000000000000000000000000000000000000000000000
0000000000000000000000000000000000000000000000000000000000000000
0000000000000000000000000000000000000000000000000000000000000000
0000000000000000000000000000000000000000000000004D807E0052800900
000000000000000000000000000000000000000000000000000000000C002680
7D007400100000005C807E002D00000009007E8066000480000057007E002980
0000000000001D00000000000000000000000000000000000000000000000000
0000000000000000000000000000000000000000000000000000000000000000
0000000000000000000000000000000000000000000000000000000000000000
0000000000000000000000000000000000000000000000000000000000000000
540070007E805C807E807E807F001F007C8069803E0000001D80000000000000
7E007E80540054007E807F807E807E8069807B807E007E0000001B0020002000
7E807E007E007E007F807E807E807E807E8053801F004F007E80460000000000
0000000000001F800000000000001F800000000000001F800000000000001F80
0000000000000000000000000000000000000000000000000000000000000000
0000000000000000000000000000000000000000000000000000000000000000
000000000000000000000000000000000A800000000000001D80000000000000
00000000000000005F804980340009007E007E007E8063006F807B007E807C80
00000000000000007E007E807E006C807E007E807E007E007E007E803F803F80
00000000000000000000000021004D801180488076007E0078807E007E007E00
0000000000000000000000000000000000000000000000000000000000001D00
0000000000000000000000000000000000000000000000000000000000000000
0000000000000000000000000000000000000000000000000000000000000000
0000000000000000000000000000000000000000000000000000000000000000
0000000000000000000000000000000000000000000000000000000000000000
0000000000000000000000000000000000000000000000000000000000000000
0000000000000000000000000000000000000000000000000000000000000000
0000000000000000000000000000000000000000000000000000000000000000
0000000000000000000000000000000000000000000000000000000000000000
0000000000000000000000000000000000000000000000000000000000000000
0000000000000000000000000000000000000000000000000000000000000000
0000000000000000000000000000000000000000000000000000000000000000
0000000000000000000000000000000000000000000000000000000000000000
0000000000000000000000000000000000000000000000000000000000000000
0000000000000000000000000000000000000000000000000000000000000000
0000000000000000000000000000000000000000000000000000000000000000
0000000000000000000000000000000000000000000000000000000000000000
0000000000000000000000000000000000000000000000000000000000000000
0000000000000000000000000000000000000000000000000000000000000000
4E000F0000000000000000000000000000000000000000000000000000000000
7F807F007F007E00630054802F80240000000000000000000000000000000000
0B004F807F007F00000011804B80630000000000000000000000000000000000
0000000000000000000000000000000000000000000000000000000000000000
0000000000000000000000000000000000000000000000000000000000000000
0000000000000000000000000000000000000000000000000000000000000000
7F007F004F0009807F0054800A80000027000100000000000000000000000000
5F00098039006200788071007F007F807F007F007F0079807F0078805E001380
000000000000310000000000000016000A001900568075807F007F007F007F00
5D007F00608013804B007F006D80000060807F0060802D8036007F007F007F00
0000000000000000000000000000000000000000000000000000000000000000
0000000000000000000000000000000000000000000000000000000000000000
7F007200128000007F001D00000000003A800080000000000000000000000000
0000000000005E000000068057007C800F8036807E807D806A807F007F006380
0000000000000000000000000000000000000000000000000780000000000780
7F003C00000000004B800880000000000A000000000000000480000003003280
000000003C807F00000025007E007F00040050807F00788017007F007F006700
0000000000000000000000000000000000000000000000000000000000000000
0000000000000000000000000000000000000000000000000000000000000000
178079807F005B8024807F007F004B8055807F007F002A0078807F0067000400
0000000000000000000000000000000000000000000000000000000000001F00
79007F004E8021007B8039800380000019800000000000000000000000000000
00000000140058000000298070807F00370071807F005E807D807E804C800780
0000000000000000000000000000000000000000000000000000000000803980
0000000000000000000000000000000000000000000000000000000000000000
0000000000000000000000000000000000000000000000000000000000000000
1B800700000000007D006380218000007F007F007780118061807D807F002200
0000000021802F0058007A007E007F007F007F007F007F0060803F0019802400
00000000000000000000000000001A00000019803D807E8037807B007F007D00
0000000000000000000000000000000000000000000000000000000000000000
0000000000000000000000000000000000000000000000000000000000000000
0000000000000000000000000000000000000000000000000000000000000000
0000000000000000000000000000000000000000000000000000000000000000
0000000000000000000000000000000000000000000000000000000000000000
0000000000000000000000000000000000000000000000000000000000000000
0000000000000000000000000000000000000000000000000000000000000000
0000000000000000000000000000000000000000000000000000000000000000
0000000000000000000000000000000000000000000000000000000000000000
0000000000000000000000000000000000000000000000000000000000000000
0000000000000000000000000000000000000000000000000000000000000000
0000000000000000000000000000000000000000000000000000000000000000
0000000000000000000000000000000000000000000000000000000000000000
0000000000000000000000000000000000000000000000000000000000000000
0000000000000000000000000000000000000000000000000000000000000000
0000000000000000000000000000000000000000000000000000000000000000
0000000000000000000000000000000000000000000000000000000000000000
0000000000000000000000000000000000000000000000000000000000000000
6E80438000000000180000000000000000000000000000000000000000000000
76807D007E007E007E007E006E806800348034800F8000000000000000000000
12800000248030006D00600078807E007F807E806D8034800000000000000000
000017802C002C0060006F807E007E003D007E807E8052800000000000000000
00000000000000000000000000001C000000000000000F800000000000000000
0000000000000000000000000000000000000000000000000000000000000000
0000000000000000000000000000000000000000000000000000000000000000
7A807E005700000076807E007E80000077007E004A0000007E00728019000000
000000002F80430000000000000000000000000002000E8000003B0049007E00
7E807E00168000007E807E001680000070002580070000000000000000000000
000000004E807E000000000060807E00000000000D805E000000000000000000
0000000000000000000000000000000000000000000000000000000000000000
0000000000000000000000000000000000000000000000000000000000000000
0000000000000000000000000000000000000000000000000000000000000000
0000000000000000000000000000000021800700000000007E004F0003000000
0000000000000000338033802E0000007E007E007B006780770077007C007E00
0000000000000000528000000C0033807E8067806C807E007E807E0078007700
7E807E807E806880000027807A807E000000000065007E00000000002C007E00
000033007E807E8070805C804A8035004F800800000000000000000000000000
0000000000000000000000000000338000000000000060800000000000000000
0000000000000000000000000000000000000000000000000000000000000000
0000000000000000000000000000000000000000000000000000000000000000
0000000000000000000000000000000000000000000000000000000000000000
6F007E007A8028007E807E003A0000007E803400018000001E80000000000000
7E006A00130047007E007E007E007E007E007E007E007E007E007E007E006D00
000000000000250000000000000025000000000000003F000000058060007A00
0000000000000000000000000000000000000000000000000000000000000000
0000000000000000000000000000000000000000000000000000000000000000
0000000000000000000000000000000000000000000000000000000000000000
0000000000000000000000000000000000000000000000000000000000000000
7E806780240000007B807E0073801D0028007E007E002D0016007E007E002D00
1D0073007E007E0070807E007B8077007E007E002F8000007E00438001000000
0000000000000000000000000000180000000000000025000000000000002500
0000000000000000000000000000000000000000000000000000000000000000
0000000000000000000000000000000000000000000000000000000000000000
0000000000000000000000000000000000000000000000000000000000000000
0000000000000000000000000000000000000000000000000000000000000000
0000000000000000000000000000000000000000000000003400000000000000
00000000000000000000000000000000000000000000000000001B8033803380
0000000000000000000000000000000000000000000000000000000000000000
0000000000000000000000000000000000000000000000000000000000000000
0000000000000000000000000000000000000000000000000000000000000000
0000000000000000000000000000000000000000000000000000000000000000
0000000000000000000000000000000000000000000000000000000000000000
0000000000000000000000000000000000000000000000000000000000000000
0000000000000000000000000000000000000000000000000000000000000000
0000000000000000000000000000000000000000000000000000000000000000
0000000000000000000000000000000000000000000000000000000000000000
0000000000000000000000000000000000000000000000000000000000000000
0000000000000000000000000000000000000000000000000000000000000000
0000000000000000000000000000000000000000000000000000000000000000
7E807E007E001C8053007E007E001C80180076807E001C80000038007E801C80
0000000000000D80000000000000030000000000000000000000000000000000
0000000000000000000000000000000000000000000000000000000000000000
0000000000000000000000000000000000000000000000000000000000000000
0000000000000000000000000000000000000000000000000000000000000000
0000000000000000000000000000000000000000000000000000000000000000
0000000000000000000000000000000000000000000000000000000000000000
7E807E007E001C807E807E007E001C807F807E807E801C807E807E007E001C80
0000000000000D800000000000000D800000000000000D800000000000000D80
0000000000000000000000000000000000000000000000000000000000000000
0000000000000000000000000000000000000000000000000000000000000000
0000000000000000000000000000000000000000000000000000000000000000
0000000000000000000000000000000000000000000000000000000000000000
0000000000000000000000000000000000000000000000000000000000000000
7E807E007E001C807F807E807E801C807E807E007E001C807E807E007E001C80
0000000000000D800000000000000D800000000000000D800000000000000D80
0000000000000000000000000000000000000000000000000000000000000000
0000000000000000000000000000000000000000000000000000000000000000
0000000000000000000000000000000000000000000000000000000000000000
0000000000000000000000000000000000000000000000000000000000000000
0000000000000000000000000000000000000000000000000000000000000000
7F807E807E801C807E807E007E001C807E807E007E001C807E807E007E001C80
0000000000000D800000000000000D800000000000000D800000000000000D80
0000000000000000000000000000000000000000000000000000000000000000
0000000000000000000000000000000000000000000000000000000000000000
0000000000000000000000000000000000000000000000000000000000000000
0000000000000000000000000000000000000000000000000000000000000000
0000000000000000000000000000000000000000000000000000000000000000
7E805E80068000007E807E005A0009807E807E007E001C807E807E007E001C80
0000000000000D800000000000000D8000000000000044000000000000004C00
0000000000000000000000000000000000000000000000000000000000000000
0000000000000000000000000000000000000000000000000000000000000000
0000000000000000000000000000000000000000000000000000000000000000
0000000000000000000000000000000000000000000000000000000000000000
0000000000000000000000000000000000000000000000000000000000000000
0000000000000000000000000000000000000000000000000000000000000000
0000000000000000000000000000000000000000000000000000000000000000
0000000000000000000000000000000000000000000000000000000000000000
0000000000000000000000000000000000000000000000000000000000000000
0000000000000000000000000000000000000000000000000000000000000000
0000000000000000000000000000000000000000000000000000000000000000
0000000000000000000000000000000000000000000000000000000000000000
0000000000000000000000000000000000000000000000000000000000000000
0000000000000000000000000000000000000000000000000000000000000000
0000000000000000000000000000000000000000000000000000000000000000
0000000000000000000000000000000000000000000000000000000000000000
0000000000000000000000000000000000000000000000000000000000000000
0000000000000000000000000000000000000000000000000000000000000000
0000000000000000000000000000000000000000000000000000000000000000
7F000000000000007F0018800000000056800000000000003080000000000000
0000000016007E800000000016007E800000000016007E800000000003004A00
0000000000000000000000000000000000000000000000000000000000000000
0000000000000000000000000000000000000000000000000000000000000000
0000000000000000000000000000000000000000000000000000000000000000
0000000000000000000000000000000000000000000000000000000000000000
0000000000000000000000000000000000000000000000000000000000000000
7F004100000000007F003780000000007F003780000000007F000C8000000000
00000000000026800000000000002B000000000000005D800000000011007780
0000000000000000000000000000000000000000000000000000000000000000
0000000000000000000000000000000000000000000000000000000000000000
0000000000000000000000000000000000000000000000000000000000000000
0000000000000000000000000000000000000000000000000000000000000000
0000000000000000000000000000000000000000000000000000000000000000
48007E80358000006F007F00270000007F007C80220000007F806E8000000000
0000000000000000000000000000000000000000000026800000000000002680
0000000000000000000000000000000000000000000000000000000000000000
0000000000000000000000000000000000000000000000000000000000000000
0000000000000000000000000000000000000000000000000000000000000000
0000000000000000000000000000000000000000000000000000000000000000
0000000000000000000000000000000000000000000000000000000000000000
000053007E80418000007E8073800F0000007E805E00000022007E805E000000
0000000000000000000000000000000000000000000000000000000000000000
0000000000000000000000000000000000000000000000000000000000000000
0000000000000000000000000000000000000000000000000000000000000000
0000000000000000000000000000000000000000000000000000000000000000
0000000000000000000000000000000000000000000000000000000000000000
0000000000000000000000000000000000000000000000000000000000000000
000010806E004D80000039807E804D80000026007E804D80000047807E804D80
0000000000000000000000000000000000000000000000000000000000000000
0000000000000000000000000000000000000000000000000000000000000000
0000000000000000000000000000000000000000000000000000000000000000
0000000000000000000000000000000000000000000000000000000000000000
0000000000000000000000000000000000000000000000000000000000000000
0000000000000000000000000000000000000000000000000000000000000000
0000000000000000000000000000000000000000000000000000000000000000
0000000000000000000000000000000000000000000000000000000000000000
0000000000000000000000000000000000000000000000000000000000000000
0000000000000000000000000000000000000000000000000000000000000000
