0000000000000000000000000000000000000000000000000000000000000000
0000000000000000000000000000000000000000000000000000000000000000
0000000000000000000000000000000000000000000000000000000000000000
0000000000000000000000000000000000000000000000000000000000000000
0000000000000000000000000000000000000000000000000000000000000000
0000000000000000000000000000000000000000000000000000000000000000
0000000000000000000000000000000000000000000000000000000000000000
0000000000000000000000000000000000000000000000000000000000000000
0000000000000000000000000000000000000000000000000000000000000000
0000000000000000000000000000000000000000000000000000000000000000
0000000000000000000000000000000000000000000000000000000000000000
56806E80208000007C003E80000000005B000000000000001100000000000000
0000000000000B8000000000000029800000000006006580000000002E006A00
0000000000000000000000000000000000000000000000000000000000000000
0000000000000000000000000000000000000000000000000000000000000000
0000000000000000000000000000000000000000000000000000000000000000
0000000000000000000000000000000000000000000000000000000000000000
6900198000000000210000000000000000000000000000000000000000000000
000000000E8071800000018066807A00000039007F00268012007C0060800280
0000000000000000000000000000000000000000000000000000000000000000
0000000000000000000000000000000000000000000000000000000000000000
0000000000000000000000000000000000000000000000000000000000000000
0000000000000000000000000000000000000000000000000000000000000000
0300000000000000000000000000000000000000000000000000000000000000
00004B807F005280080076807E0024804F807F004F0000007300610008000000
0000000000000000000000000000000000000000000000000000000000001500
0000000000000000000000000000000000000000000000000000000000000000
0000000000000000000000000000000000000000000000000000000000000000
0000000000000000000000000000000000000000000000000000000000000000
0000000000000000000000000000000001002400000000000000000000000000
7A005D0000000000780032000000000056000A80000000001200000000000000
00000000000029000000000002805180000000003F807F0000000B0072007F80
0000000000000000000000000000000000000000000000000000000000000000
0000000000000000000000000000000000000000000000000000000000000000
0000000000000000000000000000000000000000000000000000000000000000
0000000000000000000000000000000000000000000000000000000000000000
0000000000000000000000000000000000000000000000000000000000000000
28007F00718008000D8075006E00068039007F00388000003E80720011800000
0000000000000000000000000000000000000000000000000000000000000000
0000000000000000000000000000000000000000000000000000000000000000
0000000000000000000000000000000000000000000000000000000000000000
0000000000000000000000000000000000000000000000000000000000000000
0000000000000000000000000000000000000000000000000000000000000000
0000000000000000000000000000000000000000000000000000000000000000
0000000000000000000000000000000000000000000000000000000000000000
0000000000000000000000000000000000000000000000000000000000000000
0000000000000000000000000000000000000000000000000000000000000000
0000000000000000000000000000000000000000000000000000000000000000
0000000000000000000000000000000000000000000000000000000000000000
0000000000000000000000000000000000000000000000000000000000000000
0000000000000000000000000000000000000000000000000000000000000000
0000000000000000000000000000000000000000000000000000000000000000
0000000000000000000000000000000000000000000000000000000000000000
0000000000000000000000000000000000000000000000000000000000000000
0000000000000000000000000000000000000000000000000000000000000000
0000000000000000000000000000000000000000000000000000000000000000
0000000000000000000000000000000000000000000000000000000000000000
0000000000000000000000000000000000000000000000000000000000000000
7E000600000000007E000600000000007E800600000000000000000000000000
000000007E007E000000000045007E0000000000028045000000000000000000
0000000000000000000000000000000000000000000000000000000000000000
0000000000000000000000000000000000000000000000000000000000000000
0000000000000000000000000000000000000000000000000000000000000000
0000000000000000000000000000000000000000000000000000000000000000
0000000000000000000000000000000000000000000000000000000000000000
0000000000000000000000000000000011800000000000001A80008000000000
40807E807E0027000D8074007E004A8000006E007E00770000006A007E007E00
0000000000000000000000000000000000000000000000000000000000000000
0000000000000000000000000000000000000000000000000000000000000000
0000000000000000000000000000000000000000000000000000000000000000
0000000000000000000000000000000000000000000000000000000000000000
0000000000000000000000000000000000000000000000000000000000000000
0000000000000000000000000000000000000000000000000000000000000000
5D807F80568000006B807E80560000005D007E806E0000005D007E807B802000
0000000000000000000000000000098000000000000000000000000000000000
0000000000000000000000000000000000000000000000000000000000000000
0000000000000000000000000000000000000000000000000000000000000000
0000000000000000000000000000000000000000000000000000000000000000
0000000000000000000000000000000000000000000000000000000000000000
0000000000000000000000000000000000000000000000000000000000000000
7E007280000000007E007E80000000007E007E800000000074007E8039800000
0000000005007E0000000000008051000000000000004C800000000000003600
0000000000000000000000000000000000000000000000000000000000000000
0000000000000000000000000000000000000000000000000000000000000000
0000000000000000000000000000000000000000000000000000000000000000
0000000000000000000000000000000000000000000000000000000000000000
0000000000000000000000000000000000000000000000000000000000000000
7E004780000000007E004780000000007E004780000000007E00478000000000
0000000005007E000000000005007E000000000005007E000000000005007E00
0000000000000000000000000000000000000000000000000000000000000000
0000000000000000000000000000000000000000000000000000000000000000
0000000000000000000000000000000000000000000000000000000000000000
0000000000000000000000000000000000000000000000000000000000000000
0000000000000000000000000000000000000000000000000000000000000000
0000000000000000000000000000000000000000000000006D80288000000000
0000000000000000000000000000000000000000000000000000000003006880
0000000000000000000000000000000000000000000000000000000000000000
0000000000000000000000000000000000000000000000000000000000000000
0000000000000000000000000000000000000000000000000000000000000000
0000000000000000000000000000000000000000000000000000000000000000
0000000000000000000000000000000000000000000000000000000000000000
0000000000000000000000000000000000000000000000000000000000000000
0000000000000000000000000000000000000000000000000000000000000000
0000000000000000000000000000000000000000000000000000000000000000
0000000000000000000000000000000000000000000000000000000000000000
0000000000000000000000000000000000000000000000000000000000000000
0000000000000000000000000000000000000000000000000000000000000000
6800198000000000000000000000000000000000000000000000000000000000
6B007E807E807C807F007B806B001E0040001980000000000000000000000000
7F00628017003C807F007E807E807E8072807F007F006A000000000000000000
0000000000006700000000000000630000000000000014000000000000000000
0000000000000000000000000000000000000000000000000000000000000000
0000000000000000000000000000000000000000000000000000000000000000
00000000000000001C8000000000000016800000000000000000000000000000
0000000000000000088028804180670076007F007F006A007F00750032800880
5D80088000000000068000000000000000000000088032800C804B807E807E80
08805C807E807E8056807E807C8049807F807F00468000007F00750019800000
000000000000000000000000000001000000000000003E000000000000006700
0000000000000000000000000000000000000000000000000000000000000000
0000000000000000000000000000000000000000000000000000000000000000
0000000000000000000000000000000000000000000000000000000000000000
7F007E80720028807A8045000F00000016800000000000000000000000000000
000023805D8074005B007E807E807E807F007F007F0055007F0075002A800000
36807E807E8045005C007E807E805F005C807F007F007F0022007E807E807E80
0000000000000000000000000000000000000000000000000000000000000000
0000000000000000000000000000000000000000000000000000000000000000
0000000000000000000000000000000000000000000000000000000000000000
0000000000000000000000000000000000000000000000000000000000000000
00000000000000000000000000000000000000000000000033806D807E804500
6580088000000000390000000000000000000000000000000000000000000300
00003B807E807E80000054007E807D8000007F007F0073802E807E807E804500
0000000000000000000000000000000000000000000000000000000000000000
0000000000000000000000000000000000000000000000000000000000000000
0000000000000000000000000000000000000000000000000000000000000000
768066803D0004807F007E807C8015807F807F005700000050003F8004800000
7F007E807E807E806300450075007E80000000001B8076800000000000002600
0000340070807E804A007E807E807D807F007F00768039007F00750019800000
0000000000000000000000000000098000000000088063800000098054007E80
0000000000000000000000000000000000000000000000000000000000000000
0000000000000000000000000000000000000000000000000000000000000000
0000000000000000000000000000000000000000000000000000000000000000
0000000000000000000000000000000000000000000000000980000000000000
00000000000000000000000000000000000000000000000061807E807E804380
0000000000000000000000000000000000000000000000000000000006802680
0000000000000000000000000000000000000000000000000000000000000000
0000000000000000000000000000000000000000000000000000000000000000
0000000000000000000000000000000000000000000000000000000000000000
0000000000000000000000000000000000000000000000000000000000000000
0000000000000000000000000000000000000000000000000000000000000000
0000000000000000000000000000000000000000000000000000000000000000
0000000000000000000000000000000000000000000000000000000000000000
0000000000000000000000000000000000000000000000000000000000000000
0000000000000000000000000000000000000000000000000000000000000000
0000000000000000000000000000000000000000000000000000000000000000
0000000000000000000000000000000000000000000000000000000000000000
0000000000000000000000000000000000000000000000000000000000000000
0000000000000000000000000000000000000000000000000000000000000000
7F007F007F005D007F007F007F003D007F007D004000030061802E8000000000
58807F007F007F000000450070807F00000000001D007F000000000006003300
0000000011002F00000000000000000000000000000000000000000000000000
0000000000000000000000000000000000000000000000000000000000000000
0000000000000000000000000000000000000000000000000000000000000000
0000000000000000000000000000000000000000000000000000000000000000
7F004C80028000007F0042000000000078800000000000002C80000000000000
0000000036007D800000078069007F0000002E007F007F006C0079807F007700
7F000800000000007F000800000000007F003E00100000007F007F0071006C00
000000002E007F00000000002E007F00000000002E007F00000000002E007F00
0000000000000000000000000000000000000000000000000000000000000000
0000000000000000000000000000000000000000000000000000000000000000
0000000000000000000000000000000000000000000000000000000000000000
6A807F007F002F007F007F00760021007F007F005A8000007F007F0013800000
0000000000001200000000000000228000000000000022800000000000004780
7F007F00230000007F007280190000007F001F80000000007F00080000000000
00000000000013000000000000002A000000000004006300000000002E007F00
0000000000000000000000000000000000000000000000000000000000000000
0000000000000000000000000000000000000000000000000000000000000000
0000000000000000000000000000000000000000000000000000000000000000
7F007F00658007007F007F007F002F0057007F007F002F0054807F007F002F00
79803480000022802F8000000000228008000000000002800000000000000000
0000068061807F00000054007F007F0040807F007F0069804B807F006B801180
0000000000000000000000000000000000000000000000000000000000000280
0000000000000000000000000000000000000000000000000000000000000000
0000000000000000000000000000000000000000000000000000000000000000
0000000000000000000000000000000000000000000000000000000000000000
7B001B80000000007F0073000F8000007F007F00400000007F007F0061000000
0F0038807F807F0063007F007F007F007A807F007F007F007F00748004002580
000000000000000000000000000000000000000008804900000000005A007F00
0000000000000000000000000000000000000000000000000000000000000000
0000000000000000000000000000000000000000000000000000000000000000
0000000000000000000000000000000000000000000000000000000000000000
0000000000000000000000000000000000000000000000000000000000000000
0000000000000000000000000000000000000000000000000000000000000000
0000000000000000000000000000000000000000000000000000000000000000
0000000000000000000000000000000000000000000000000000000000000000
0000000000000000000000000000000000000000000000000000000000000000
0000000000000000000000000000000000000000000000000000000000000000
0000000000000000000000000000000000000000000000000000000000000000
0000000000000000000000000000000000000000000000000000000000000000
0000000000000000000000000000000000000000000000000000000000000000
0000000000000000000000000000000000000000000000000000000000000000
0000000000000000000000000000000000000000000000000000000000000000
0000000000000000000000000000000000000000000000000000000000000000
0000000000000000000000000000000000000000000000000000000000000000
0000000000000000000000000000000000000000000000000000000000000000
0400000000000000000000000000000000000000000000000000000000000000
7D807F007B8059807F006D002E0000001E000900000000000000000000000000
5A004600460052807F007F007F007F0074804980498049800000000000000000
02804F807F007F000000220077007F000000000021004C800000000000000000
0000000000000000000000000000000000000000000000000000000000000000
0000000000000000000000000000000000000000000000000000000000000000
0000000000000000000000000000000000000000000000000000000000000000
7F007F00138000007F007F00138000007F005A00068000007200070000000000
0000000011004180000000000000390000000000240078801380500078807F00
0000000000000000000000000000000000000000000000000000000000000000
7F004800000000007F0067800380000076007F004280000071807F0078003500
0000000000005E8000000000000041800000000000000D000000000000000000
0000000000000000000000000000000000000000000000000000000000000000
0000000000000000000000000000000000000000000000000000000000000000
000000000000000000000000000000003A800A80020000007F007F0013800000
00000000000000000000000000000000000007006580610000000A8076007F00
0000000000000000000000000000000000000000000000000000000000000000
76803180000000007C803180000000007F003180000000007F00318000000000
21802E8027000F00000000000000200000000000000028800000000000003500
0000000000000000000000000000000000000000000000000000000000000000
0000000000000000000000000000000000000000000000000000000000000000
0000000000000000000000000000000000000000000000000000000000000000
0000000000000000000000000000000000000000000000000000000000000000
7F007B802C00050044800A800000000000000000000000000000000000000000
1E807F007F0073805F007F007F007E007F007F005E8021007F00660003000000
000000000000000000000000000008000000138034806B003D0079007E007A00
0000000000000000000000000000000000000000000000000000000000000000
0000000000000000000000000000000000000000000000000000000000000000
0000000000000000000000000000000000000000000000000000000000000000
62800400000000007F0005800000000059800280000000000680000000000000
7F007F007F007F007D007F007F007F00000064007F007F005E8078807F005800
000000001F807C0000000B0067807F00000038807F006E8002005D807F801F00
0000000000000000000000000000000000000000000000000000000000000000
0000000000000000000000000000000000000000000000000000000000000000
0000000000000000000000000000000000000000000000000000000000000000
0000000000000000000000000000000000000000000000000000000000000000
0000000000000000000000000000000000000000000000000400000000000000
0000000000000000000000000000000000000000000000006B806B8049002580
0000000000000000000000000000000000000000000000000000000000002B80
0000000000000000000000000000000000000000000000000000000000000000
0000000000000000000000000000000000000000000000000000000000000000
0000000000000000000000000000000000000000000000000000000000000000
0000000000000000000000000000000000000000000000000000000000000000
0000000000000000000000000000000000000000000000000000000000000000
0000000000000000000000000000000000000000000000000000000000000000
0000000000000000000000000000000000000000000000000000000000000000
0000000000000000000000000000000000000000000000000000000000000000
0000000000000000000000000000000000000000000000000000000000000000
0000000000000000000000000000000000000000000000000000000000000000
0000000000000000000000000000000000000000000000000000000000000000
7E806000000000007D0055800000000017000400000000000000000000000000
0000000000001B00000000000000140000000000000000000000000000000000
000068007E805480098076807E8041000F007E80790007800F007F0040800000
0000000000000000000000000000000000000000000000000000000000000000
0000000000000000000000000000000000000000000000000000000000000000
0000000000000000000000000000000000000000000000000000000000000000
0000000000000000000000000000000000000000000000000000000000000000
51007F004A80000066007F00398000007F007F800F8000007E807F0000000000
4A00000000000000348000000000018029800000000007800480000000000780
0000000044807E80000005806F807E8000001E007F007F00000047007E806F00
0000000000000000000000000000000000000000000000000000000000000000
0000000000000000000000000000000000000000000000000000000000000000
0000000000000000000000000000000000000000000000000000000000000000
0000000000000000000000000000000000000000000000000000000000000000
00002C007E804F80000061007F00310010007A8078800D8016807F005C000000
7F003080000000007F802580000000007A800B80000000005100000000000000
00000000018066000000000012807F00000000002C807E80000000002C807E80
0000000000000000000000000000000000000000000000000000000000000000
0000000000000000000000000000000000000000000000000000000000000000
0000000000000000000000000000000000000000000000000000000000000000
02800000000000003C8000000000000033800000000000000980000000000000
000016804A8037807E807F007E807E8079806A007E807E8006800F807E807D00
79007F00170000007F007E807E807E807F007E807E8064807F0050000E800100
0000000000000D800600178034004C0071807E807E807E802D002D0017005500
0000000000000000000000000000000000000A804B80688000004B0054802D00
0000000000000000000000000000000000000000000000000000000000000000
0000000000000000000000000000000000000000000000000000000000000000
0000000000000000000000000000000000000000000000000000000000000000
0000000000000000000000000000000000000000000000000000000000000000
4A807E807E8007804A807E806F0004004A807E804900000067007E8035800000
0000000000000000000000000000000000000000000000000000000000000000
0000000000000000000000000000000000000000000000000000000000000000
0000000000000000000000000000000000000000000000000000000000000000
0000000000000000000000000000000000000000000000000000000000000000
0000000000000000000000000000000000000000000000000000000000000000
0000000000000000000000000000000000000000000000000000000000000000
0000000000000000000000000000000000000000000000000000000000000000
0000000000000000000000000000000000000000000000000000000000000000
0000000000000000000000000000000000000000000000000000000000000000
0000000000000000000000000000000000000000000000000000000000000000
0000000000000000000000000000000000000000000000000000000000000000
0000000000000000000000000000000000000000000000000000000000000000
0000000000000000000000000000000000000000000000000000000000000000
0000000000000000000000000000000000000000000000000000000000000000
0000000000000000000000000000000000000000000000000000000000000000
0000000000000000000000000000000000000000000000000000000000000000
0000000000000000000000000000000000000000000000000000000000000000
0000000000000000000000000000000000000000000000000000000000000000
0000000000000000000000000000000000000000000000000000000000000000
0000000000000000000000000000000000000000000000000000000000000000
6800270000000000070000000000000000000000000000000000000000000000
7F0065007C007F0058807F8068802E0000000000000000000000000000000000
0000000000003200000000000000040000000000000000000000000000000000
0000000000000000000000000000000000000000000000000000000000000000
0000000000000000000000000000000000000000000000000000000000000000
0000000000000000000000000000000000000000000000000000000000000000
7F004900058000003D0000800000000000000000000000000000000000000000
000000000780638000000A8062807E000E806C807F003C0066807E803D800080
7F007F00288000007E807600078000007B004D00000000007700040005002880
0000000003006480000000000880710000000000000015000000000000004200
0000000000000000000000000000000000000000000000000000000000000000
0000000000000000000000000000000000000000000000000000000000000000
5D00000000000000128000000000000000000000000000000000000000000000
000000001A007B00000009006400780000004C007F002C0057007E8049000080
798070003D80008060000B800000000009800000000000000000000000000900
000016007D807F0001804F807F007F0026007F007D803E0078807F003E800000
0000000000000000000000000000000000000000000000000000000000000E80
0000000000000000000000000000000000000000000000000000000000000000
0000000000000000000000000000000000000000000000000000000000000000
0B8000000000000069000600000000007F000D00000000007480078000000000
0000038023002A80438074807F007F007E005A00460063801080000000005600
7D805600020000007E801D8000000D8072000000168075003A0051807A005A00
00000000000020800000000001005100000000001B807F00000000004A007F00
0000000000000000000000000000000000000000000000000000000000000000
0000000000000000000000000000000000000000000000000000000000000000
0000000000000000000000000000000000000000000000000000000000000000
0000000000000000000000000000000000000000000000000000000000000000
0000000000000000000000000000000000000000000000000000000000000000
00003A007F004900008064007F0009001C807F006580010052807F001B000000
0000000000000000000000000000000000000000000000000000000000000000
0000000000000000000000000000000000000000000000000000000000000000
0000000000000000000000000000000000000000000000000000000000000000
0000000000000000000000000000000000000000000000000000000000000000
0000000000000000000000000000000000000000000000000000000000000000
0000000000000000000000000000000076001A80000000000980000000000000
00000000000000000000000000000000000002806F007F00000012807F007300
0000000000000000000000000000000000000000000000000000000000000000
0000000000000000000000000000000000000000000000000000000000000000
0000000000000000000000000000000000000000000000000000000000000000
0000000000000000000000000000000000000000000000000000000000000000
0000000000000000000000000000000000000000000000000000000000000000
0000000000000000000000000000000000000000000000000000000000000000
0000000000000000000000000000000000000000000000000000000000000000
0000000000000000000000000000000000000000000000000000000000000000
0000000000000000000000000000000000000000000000000000000000000000
0000000000000000000000000000000000000000000000000000000000000000
0000000000000000000000000000000000000000000000000000000000000000
0000000000000000000000000000000000000000000000000000000000000000
66000C8000000000000000000000000000000000000000000000000000000000
79807D807D8077807E80750057801B807E802D80000000001D80000000000000
0900540009003D007D807D807D807D807D807D807D807D807E807E807E804A00
31006A005B80090039807D807D807D8039807D807D807D803A007E807E807E80
0000000000000000000000000000000000000000000000000000000000000000
0000000000000000000000000000000000000000000000000000000000000000
0000000000000000000000000000000000000000000000000000000000000000
34007D807D80138022807D807D8013807D807D807D8013807D80600031000800
0000000000001B000000000000000D0000000000160065003C004C8063007D80
0000000000000000000000000000000000000000000000000000000000000000
0000000000000000000000000000000000000000000000000000000000000000
0000000000000000000000000000000000000000000000000000000000000000
0000000000000000000000000000000000000000000000000000000000000000
0000000000000000000000000000000000000000000000000000000000000000
00000000000000001600610061000F807D807D807D8013807D807D807D801380
43804300248000007F807E80710061004B0067807D807D8000000F8044006B80
59804300430043007E807E807E807E803C006100438000000000000000000000
0000000073807D800000000029807E8000000000000000000000000000000000
0000000000000000000000000000000000000000000000000000000000000000
0000000000000000000000000000000000000000000000000000000000000000
66001680000000007D803A800000000077003A80000000001A80290000000000
47805F807D807D80000012805F807D80000000000C0065800000000000000000
0000000000000000000000000000000000000000000000000000000000000000
6000480000000000130000000000000000000000000000000F00000000000000
0000000037807D800000358079806000000056806D800C8000003C806D802600
0000000000000000000000000000000000000000000000000000000000000000
0000000000000000000000000000000000000000000000000000000000000000
0000000000000000000000000000000056802880000000005A80050000000000
6F001C801C8004807D807D807D8040007D807D807D807A807C007D807D807D80
16001C8048807D806E807D807D807D807E807D807D807D806B806B006B006B00
00000000000000000000048039803980358059007D807D8079807C006B006B00
0000000000000000000000000000000000000000000000000000000011807380
0000000000000000000000000000000000000000000000000000000000000000
0000000000000000000000000000000000000000000000000000000000000000
0000000000000000000000000000000000000000000000000000000000000000
0000000000000000000000000000000000000000000000000000000000000000
0000000000000000000000000000000000000000000000000000000000000000
0000000000000000000000000000000000000000000000000000000000000000
0000000000000000000000000000000000000000000000000000000000000000
0000000000000000000000000000000000000000000000000000000000000000
0000000000000000000000000000000000000000000000000000000000000000
0000000000000000000000000000000000000000000000000000000000000000
0000000000000000000000000000000000000000000000000000000000000000
0000000000000000000000000000000000000000000000000000000000000000
0000000000000000000000000000000000000000000000000000000000000000
0000000000000000000000000000000000000000000000000000000000000000
0000000000000000000000000000000000000000000000000000000000000000
0000000000000000000000000000000000000000000000000000000000000000
0000000000000000000000000000000000000000000000000000000000000000
0000000000000000000000000000000000000000000000000000000000000000
0000000000000000000000000000000000000000000000000000000000000000
0000000000000000000000000000000000000000000000000000000000000000
0000000000000000000000000000000000000000000000000000000000000000
0000000000000000000000000000000000000000000000000000000000000000
0000000000000000000000000000000000000000000000000000000000000000
7580210000000000110000000000000000000000000000000000000000000000
7E807F007E807E807E807F007A802C807F004B000B0000000000000000000000
7F007E807E807E807B007E807E807E807F007F007F007F0074006E803A002A80
7E807E807E807E801C8059007E805900000017007F0076000000000010006900
000000004B806C800000000000000B0000000000000000000000000000000000
0000000000000000000000000000000000000000000000000000000000000000
0000000000000000000000000000000000000000000000000000000000000000
22807E807F00000067007F004B0000007E807E800C0000007E8076800A000000
00000000000000000000000000000A800000000001005480170017003A807E80
0000000000000000000000000000000000000000000000001700170017001700
0000000000000000000000000000000005800000000000006580508026801700
7E803400048000007F004D000B0000007E807E807E8030802E8058007A807F00
0000000000007E800000000000007F800000000000005A000000000000000480
0000000000000000000000000000000000000000000000000000000000000000
3A000B00000000007E807E802B8000007E807E804F80000056007E807F000000
7380740073806980738074007E807E80000000002E8057000000000000000680
3A803A003A004980740073807380738000000000000000000000000000000000
000000002A803A0049807C807380738063002680000000000000000000000000
0000000000000000000003000B80260021005D007E807F007E807E8062802880
0000000000000000000000000000000000000000000002000000000000005F00
0000000000000000000000000000000000000000000000000000000000000000
0000000000000000000000000000000000000000000000000000000000000000
0000000000000000000000000000000000000000000000000000000000000000
0000000000000000000000000000000000000000000000000000000000000000
0000000000000000000000000000000000000000000000000000000000000000
0000000000000000000000000000000000000000000000000000000000000000
0000000000000000000000000000000000000000000000000000000000000000
0000000000000000000000000000000000000000000000000000000000000000
0000000000000000000000000000000000000000000000000000000000000000
0000000000000000000000000000000000000000000000000000000000000000
0000000000000000000000000000000000000000000000000000000000000000
0000000000000000000000000000000000000000000000000000000000000000
0000000000000000000000000000000000000000000000000000000000000000
0000000000000000000000000000000000000000000000000000000000000000
0000000000000000000000000000000000000000000000000000000000000000
0000000000000000000000000000000000000000000000000000000000000000
0000000000000000000000000000000000000000000000000000000000000000
7F007A002A000000480027000000000000000000000000000000000000000000
0000000000002680000000000000160000000000000000000000000000000000
0000000000000000000000000000000000000000000000000000000000000000
0000000000000000000000000000000000000000000000000000000000000000
0000000000000000000000000000000000000000000000000000000000000000
0000000000000000000000000000000000000000000000000000000000000000
3D00000000000000100000000000000000000000000000000000000000000000
24807E807E807E804A807E807E806D8076807E807E801B807F00778050001280
0000000000000000000000000000000000000000000012800000000000002680
0000000000000000000000000000000000000000000000000000000000000000
0000000000000000000000000000000000000000000000000000000000000000
0000000000000000000000000000000000000000000000000000000000000000
0000000000000000000000000000000000000000000000000000000000000000
7E807E8079000A007E807E8053000000670074001B00000038801D0000000000
00000000048053000000000047007E8000000D8078006B800000318070804800
0C80000000000000000000000000000000000000000000000000000000000000
0000000000002480000000000000000000000000000000000000000000000000
0000000000000000000000000000000000000000000000000000000000000000
0000000000000000000000000000000000000000000000000000000000000000
1C800000000000001C8000000000000023000000000000000000000000000000
41807E807E80778041807E807E807C806A807E807E806C8079807F007F001280
7F007C002A8000005D8016000000000060000000000000000980000000000000
7E8066007A807E807E807E807E807E807E807E807E807E806C004A005D803780
0000000057807E800000000079007E800000000079007E800000000061807F00
0000000000000000000000000000000000000000000000000000000000000000
0000000000000000000000000000000000000000000000000000000000000000
1380000000000000180000000000000020800000000000003200000000000000
4F007E807E805A00058067807E807C0007006F007E807D001E007E807E805380
7F807E80720020007F005700048000007F0079003D8000007F007E805E000000
000004806C807E80170074807E807E804F807E807E807E8078807B0057807E80
0000000000000000000000000000000000000000000000000000000004004F80
0000000000000000000000000000000000000000000000000000000000000000
0000000000000000000000000000000000000000000000000000000000000000
0000000000000000000000000000000000000000000000000000000000000000
000000000000000000000000000000007E8073001C8001807E807E807E801980
00000000000000000000000000000000000036807E807E8058807E807E807E80
0000000000000000000000000000000000000000000000000000000006004980
0000000000000000000000000000000000000000000000000000000000000000
0000000000000000000000000000000000000000000000000000000000000000
0000000000000000000000000000000000000000000000000000000000000000
0000000000000000000000000000000000000000000000000000000000000000
0000000000000000000000000000000000000000000000000000000000000000
0000000000000000000000000000000000000000000000000000000000000000
0000000000000000000000000000000000000000000000000000000000000000
0000000000000000000000000000000000000000000000000000000000000000
0000000000000000000000000000000000000000000000000000000000000000
